MEME version 4

ALPHABET= ACGT

strands: + -

Background letter frequencies (from uniform background):
A 0.25000 C 0.25000 G 0.25000 T 0.25000 

MOTIF AHR_MOUSE.H11MO.0.B 

letter-probability matrix: alength= 4 w= 9 nsites= 154 E= 0
  0.263145	  0.118597	  0.366413	  0.251844	
  0.070652	  0.077104	  0.225146	  0.627098	
  0.141055	  0.285031	  0.134495	  0.439419	
  0.016540	  0.008555	  0.947421	  0.027484	
  0.000000	  0.976616	  0.009696	  0.013688	
  0.022350	  0.005133	  0.970235	  0.002281	
  0.000000	  0.022350	  0.004563	  0.973087	
  0.000000	  0.000000	  1.000000	  0.000000	
  0.279810	  0.434373	  0.104962	  0.180854	

MOTIF AIRE_MOUSE.H11MO.0.C 

letter-probability matrix: alength= 4 w= 18 nsites= 41 E= 0
  0.397727	  0.261364	  0.125000	  0.215909	
  0.181818	  0.181818	  0.136364	  0.500000	
  0.136364	  0.136364	  0.204545	  0.522727	
  0.045455	  0.000000	  0.886364	  0.068182	
  0.000000	  0.000000	  0.818182	  0.181818	
  0.318182	  0.045455	  0.022727	  0.613636	
  0.386364	  0.090909	  0.022727	  0.500000	
  0.363636	  0.136364	  0.136364	  0.363636	
  0.340909	  0.068182	  0.136364	  0.454545	
  0.522727	  0.090909	  0.136364	  0.250000	
  0.386364	  0.045455	  0.068182	  0.500000	
  0.227273	  0.136364	  0.068182	  0.568182	
  0.000000	  0.022727	  0.886364	  0.090909	
  0.000000	  0.000000	  0.977273	  0.022727	
  0.227273	  0.090909	  0.250000	  0.431818	
  0.068182	  0.181818	  0.181818	  0.568182	
  0.454545	  0.022727	  0.159091	  0.363636	
  0.403409	  0.267045	  0.107955	  0.221591	

MOTIF ANDR_MOUSE.H11MO.0.A 

letter-probability matrix: alength= 4 w= 16 nsites= 500 E= 0
  0.402000	  0.016000	  0.520000	  0.062000	
  0.026000	  0.004000	  0.944000	  0.026000	
  0.452000	  0.192000	  0.214000	  0.142000	
  0.902000	  0.018000	  0.026000	  0.054000	
  0.000000	  0.962000	  0.026000	  0.012000	
  0.816000	  0.016000	  0.094000	  0.074000	
  0.056000	  0.410000	  0.264000	  0.270000	
  0.000000	  0.378000	  0.000000	  0.622000	
  0.128000	  0.384000	  0.370000	  0.118000	
  0.084000	  0.056000	  0.012000	  0.848000	
  0.004000	  0.010000	  0.986000	  0.000000	
  0.024000	  0.026000	  0.018000	  0.932000	
  0.148000	  0.212000	  0.206000	  0.434000	
  0.032000	  0.934000	  0.004000	  0.030000	
  0.054000	  0.534000	  0.004000	  0.408000	
  0.136000	  0.310000	  0.192000	  0.362000	

MOTIF AP2C_MOUSE.H11MO.0.A 

letter-probability matrix: alength= 4 w= 13 nsites= 500 E= 0
  0.154000	  0.306000	  0.162000	  0.378000	
  0.264000	  0.132000	  0.434000	  0.170000	
  0.008000	  0.382000	  0.576000	  0.034000	
  0.000000	  0.994000	  0.002000	  0.004000	
  0.002000	  0.822000	  0.002000	  0.174000	
  0.000000	  0.426000	  0.126000	  0.448000	
  0.002000	  0.884000	  0.000000	  0.114000	
  0.668000	  0.010000	  0.280000	  0.042000	
  0.010000	  0.000000	  0.990000	  0.000000	
  0.000000	  0.000000	  0.992000	  0.008000	
  0.018000	  0.552000	  0.424000	  0.006000	
  0.168000	  0.414000	  0.162000	  0.256000	
  0.358000	  0.216000	  0.244000	  0.182000	

MOTIF ARI5B_MOUSE.H11MO.0.C 

letter-probability matrix: alength= 4 w= 13 nsites= 15 E= 0
  0.216667	  0.083333	  0.350000	  0.350000	
  0.133333	  0.266667	  0.400000	  0.200000	
  0.000000	  0.266667	  0.200000	  0.533333	
  0.000000	  0.133333	  0.333333	  0.533333	
  0.333333	  0.066667	  0.333333	  0.266667	
  0.200000	  0.066667	  0.666667	  0.066667	
  0.000000	  0.000000	  0.000000	  1.000000	
  0.866667	  0.000000	  0.133333	  0.000000	
  0.000000	  0.133333	  0.000000	  0.866667	
  0.000000	  0.066667	  0.066667	  0.866667	
  0.133333	  0.266667	  0.533333	  0.066667	
  0.133333	  0.066667	  0.266667	  0.533333	
  0.250000	  0.116667	  0.450000	  0.183333	

MOTIF ATF1_MOUSE.H11MO.0.B 

letter-probability matrix: alength= 4 w= 10 nsites= 34 E= 0
  0.306298	  0.340649	  0.340649	  0.012405	
  0.000000	  0.000000	  0.000000	  1.000000	
  0.000000	  0.000000	  1.000000	  0.000000	
  1.000000	  0.000000	  0.000000	  0.000000	
  0.000000	  0.969466	  0.030534	  0.000000	
  0.030534	  0.000000	  0.969466	  0.000000	
  0.019084	  0.070611	  0.000000	  0.910305	
  0.082061	  0.562977	  0.263359	  0.091603	
  0.742366	  0.156489	  0.062977	  0.038168	
  0.193702	  0.392176	  0.296756	  0.117366	

MOTIF ATF4_MOUSE.H11MO.0.A 

letter-probability matrix: alength= 4 w= 12 nsites= 500 E= 0
  0.354000	  0.072000	  0.414000	  0.160000	
  0.204000	  0.202000	  0.392000	  0.202000	
  0.556000	  0.294000	  0.150000	  0.000000	
  0.000000	  0.008000	  0.000000	  0.992000	
  0.000000	  0.008000	  0.984000	  0.008000	
  0.982000	  0.008000	  0.004000	  0.006000	
  0.004000	  0.050000	  0.002000	  0.944000	
  0.000000	  0.000000	  1.000000	  0.000000	
  0.094000	  0.822000	  0.000000	  0.084000	
  0.994000	  0.004000	  0.002000	  0.000000	
  0.998000	  0.000000	  0.002000	  0.000000	
  0.028000	  0.312000	  0.102000	  0.558000	

MOTIF ATOH1_MOUSE.H11MO.0.B 

letter-probability matrix: alength= 4 w= 9 nsites= 500 E= 0
  0.534000	  0.042000	  0.378000	  0.046000	
  0.324000	  0.154000	  0.522000	  0.000000	
  0.002000	  0.996000	  0.002000	  0.000000	
  0.998000	  0.000000	  0.000000	  0.002000	
  0.000000	  0.008000	  0.974000	  0.018000	
  0.586000	  0.380000	  0.034000	  0.000000	
  0.018000	  0.006000	  0.002000	  0.974000	
  0.002000	  0.000000	  0.990000	  0.008000	
  0.032000	  0.110000	  0.722000	  0.136000	

MOTIF BACH2_MOUSE.H11MO.0.A 

letter-probability matrix: alength= 4 w= 11 nsites= 500 E= 0
  0.188000	  0.138000	  0.146000	  0.528000	
  0.056000	  0.100000	  0.788000	  0.056000	
  0.048000	  0.872000	  0.042000	  0.038000	
  0.086000	  0.094000	  0.030000	  0.790000	
  0.058000	  0.098000	  0.760000	  0.084000	
  0.844000	  0.034000	  0.008000	  0.114000	
  0.026000	  0.140000	  0.824000	  0.010000	
  0.018000	  0.014000	  0.002000	  0.966000	
  0.026000	  0.968000	  0.004000	  0.002000	
  0.986000	  0.000000	  0.004000	  0.010000	
  0.014000	  0.368000	  0.156000	  0.462000	

MOTIF BATF3_MOUSE.H11MO.0.A 

letter-probability matrix: alength= 4 w= 17 nsites= 500 E= 0
  0.172000	  0.354000	  0.206000	  0.268000	
  0.484000	  0.056000	  0.244000	  0.216000	
  0.030000	  0.390000	  0.502000	  0.078000	
  0.030000	  0.016000	  0.014000	  0.940000	
  0.046000	  0.064000	  0.008000	  0.882000	
  0.042000	  0.160000	  0.042000	  0.756000	
  0.018000	  0.856000	  0.020000	  0.106000	
  0.502000	  0.178000	  0.120000	  0.200000	
  0.210000	  0.182000	  0.218000	  0.390000	
  0.230000	  0.042000	  0.064000	  0.664000	
  0.482000	  0.198000	  0.056000	  0.264000	
  0.008000	  0.000000	  0.010000	  0.982000	
  0.012000	  0.024000	  0.810000	  0.154000	
  0.864000	  0.006000	  0.042000	  0.088000	
  0.100000	  0.462000	  0.318000	  0.120000	
  0.252000	  0.120000	  0.146000	  0.482000	
  0.242000	  0.386000	  0.186000	  0.186000	

MOTIF CEBPA_MOUSE.H11MO.0.A 

letter-probability matrix: alength= 4 w= 11 nsites= 499 E= 0
  0.210421	  0.120240	  0.342685	  0.326653	
  0.316633	  0.222445	  0.446894	  0.014028	
  0.004008	  0.006012	  0.004008	  0.985972	
  0.008016	  0.002004	  0.298597	  0.691383	
  0.198397	  0.002004	  0.551102	  0.248497	
  0.162325	  0.152305	  0.144289	  0.541082	
  0.004008	  0.000000	  0.993988	  0.002004	
  0.162325	  0.771543	  0.000000	  0.066132	
  0.983968	  0.016032	  0.000000	  0.000000	
  0.993988	  0.000000	  0.004008	  0.002004	
  0.010020	  0.298597	  0.190381	  0.501002	

MOTIF COE1_MOUSE.H11MO.0.A 

letter-probability matrix: alength= 4 w= 13 nsites= 429 E= 0
  0.417249	  0.095571	  0.300699	  0.186480	
  0.121212	  0.188811	  0.477855	  0.212121	
  0.025641	  0.335664	  0.055944	  0.582751	
  0.002331	  0.988345	  0.006993	  0.002331	
  0.004662	  0.794872	  0.004662	  0.195804	
  0.004662	  0.976690	  0.004662	  0.013986	
  0.403263	  0.041958	  0.081585	  0.473193	
  0.188811	  0.037296	  0.675991	  0.097902	
  0.011655	  0.011655	  0.967366	  0.009324	
  0.111888	  0.000000	  0.888112	  0.000000	
  0.000000	  0.000000	  1.000000	  0.000000	
  0.848485	  0.018648	  0.121212	  0.011655	
  0.198135	  0.433566	  0.300699	  0.067599	

MOTIF COT1_MOUSE.H11MO.0.B 

letter-probability matrix: alength= 4 w= 9 nsites= 83 E= 0
  0.097077	  0.636930	  0.086040	  0.179953	
  0.685894	  0.107863	  0.097328	  0.108915	
  0.656747	  0.050169	  0.211810	  0.081274	
  0.803693	  0.000000	  0.196307	  0.000000	
  0.009030	  0.000000	  0.990970	  0.000000	
  0.000000	  0.000000	  0.761404	  0.238596	
  0.009030	  0.085838	  0.028095	  0.877037	
  0.010034	  0.909145	  0.009030	  0.071790	
  0.849145	  0.085134	  0.045403	  0.020318	

MOTIF CTCFL_MOUSE.H11MO.0.A 

letter-probability matrix: alength= 4 w= 18 nsites= 495 E= 0
  0.193939	  0.202020	  0.476768	  0.127273	
  0.054545	  0.818182	  0.084848	  0.042424	
  0.016162	  0.967677	  0.008081	  0.008081	
  0.343434	  0.107071	  0.397980	  0.151515	
  0.096970	  0.509091	  0.383838	  0.010101	
  0.052525	  0.593939	  0.080808	  0.272727	
  0.901010	  0.026263	  0.050505	  0.022222	
  0.004040	  0.004040	  0.991919	  0.000000	
  0.169697	  0.000000	  0.826263	  0.004040	
  0.044444	  0.052525	  0.787879	  0.115152	
  0.008081	  0.004040	  0.983838	  0.004040	
  0.002020	  0.018182	  0.941414	  0.038384	
  0.046465	  0.947475	  0.000000	  0.006061	
  0.135354	  0.002020	  0.858586	  0.004040	
  0.022222	  0.787879	  0.149495	  0.040404	
  0.111111	  0.389899	  0.094949	  0.404040	
  0.234343	  0.313131	  0.397980	  0.054545	
  0.084848	  0.365657	  0.260606	  0.288889	

MOTIF DMRT1_MOUSE.H11MO.0.C 

letter-probability matrix: alength= 4 w= 17 nsites= 500 E= 0
  0.204000	  0.232000	  0.118000	  0.446000	
  0.312000	  0.042000	  0.272000	  0.374000	
  0.062000	  0.046000	  0.864000	  0.028000	
  0.388000	  0.336000	  0.046000	  0.230000	
  0.360000	  0.102000	  0.074000	  0.464000	
  0.958000	  0.014000	  0.010000	  0.018000	
  0.040000	  0.934000	  0.010000	  0.016000	
  0.878000	  0.006000	  0.002000	  0.114000	
  0.762000	  0.238000	  0.000000	  0.000000	
  0.324000	  0.006000	  0.016000	  0.654000	
  0.010000	  0.020000	  0.968000	  0.002000	
  0.030000	  0.004000	  0.008000	  0.958000	
  0.500000	  0.042000	  0.112000	  0.346000	
  0.260000	  0.026000	  0.400000	  0.314000	
  0.012000	  0.916000	  0.026000	  0.046000	
  0.466000	  0.238000	  0.034000	  0.262000	
  0.478000	  0.174000	  0.194000	  0.154000	

MOTIF E2F5_MOUSE.H11MO.0.B 

letter-probability matrix: alength= 4 w= 10 nsites= 12 E= 0
  0.134298	  0.398760	  0.332645	  0.134298	
  0.000000	  0.107438	  0.892562	  0.000000	
  0.000000	  1.000000	  0.000000	  0.000000	
  0.000000	  0.000000	  1.000000	  0.000000	
  0.000000	  0.851240	  0.148760	  0.000000	
  0.000000	  0.533058	  0.466942	  0.000000	
  1.000000	  0.000000	  0.000000	  0.000000	
  1.000000	  0.000000	  0.000000	  0.000000	
  1.000000	  0.000000	  0.000000	  0.000000	
  0.266529	  0.398760	  0.134298	  0.200413	

MOTIF E2F6_MOUSE.H11MO.0.A 

letter-probability matrix: alength= 4 w= 12 nsites= 1864 E= 0
  0.221259	  0.168228	  0.296425	  0.314089	
  0.201790	  0.064249	  0.460562	  0.273399	
  0.147722	  0.118017	  0.719488	  0.014774	
  0.025414	  0.028243	  0.940110	  0.006233	
  0.115871	  0.857663	  0.002233	  0.024233	
  0.057878	  0.028936	  0.889192	  0.023994	
  0.008582	  0.064875	  0.918483	  0.008059	
  0.010282	  0.009683	  0.969688	  0.010347	
  0.808149	  0.003151	  0.186700	  0.001999	
  0.582812	  0.052133	  0.358988	  0.006067	
  0.259760	  0.170811	  0.519152	  0.050277	
  0.186310	  0.222715	  0.483293	  0.107682	

MOTIF EPAS1_MOUSE.H11MO.0.C 

letter-probability matrix: alength= 4 w= 9 nsites= 500 E= 0
  0.230000	  0.256000	  0.446000	  0.068000	
  0.166000	  0.070000	  0.244000	  0.520000	
  0.866000	  0.020000	  0.108000	  0.006000	
  0.020000	  0.912000	  0.026000	  0.042000	
  0.016000	  0.010000	  0.970000	  0.004000	
  0.000000	  0.000000	  0.002000	  0.998000	
  0.000000	  0.000000	  0.998000	  0.002000	
  0.374000	  0.470000	  0.060000	  0.096000	
  0.160000	  0.490000	  0.134000	  0.216000	

MOTIF ERR1_MOUSE.H11MO.0.A 

letter-probability matrix: alength= 4 w= 12 nsites= 500 E= 0
  0.400000	  0.178000	  0.186000	  0.236000	
  0.162000	  0.126000	  0.490000	  0.222000	
  0.078000	  0.306000	  0.310000	  0.306000	
  0.024000	  0.264000	  0.076000	  0.636000	
  0.062000	  0.816000	  0.120000	  0.002000	
  0.940000	  0.006000	  0.054000	  0.000000	
  0.994000	  0.000000	  0.006000	  0.000000	
  0.000000	  0.000000	  0.992000	  0.008000	
  0.000000	  0.000000	  0.996000	  0.004000	
  0.012000	  0.006000	  0.046000	  0.936000	
  0.000000	  0.950000	  0.020000	  0.030000	
  0.990000	  0.000000	  0.010000	  0.000000	

MOTIF ETS1_MOUSE.H11MO.0.A 

letter-probability matrix: alength= 4 w= 14 nsites= 500 E= 0
  0.240000	  0.250000	  0.422000	  0.088000	
  0.338000	  0.180000	  0.372000	  0.110000	
  0.302000	  0.186000	  0.464000	  0.048000	
  0.500000	  0.062000	  0.428000	  0.010000	
  0.076000	  0.678000	  0.234000	  0.012000	
  0.580000	  0.394000	  0.018000	  0.008000	
  0.004000	  0.004000	  0.988000	  0.004000	
  0.006000	  0.000000	  0.994000	  0.000000	
  0.974000	  0.010000	  0.014000	  0.002000	
  0.832000	  0.010000	  0.006000	  0.152000	
  0.174000	  0.022000	  0.800000	  0.004000	
  0.082000	  0.222000	  0.064000	  0.632000	
  0.116000	  0.126000	  0.664000	  0.094000	
  0.164000	  0.188000	  0.584000	  0.064000	

MOTIF FOXI1_MOUSE.H11MO.0.B 

letter-probability matrix: alength= 4 w= 12 nsites= 156 E= 0
  0.152381	  0.461905	  0.090476	  0.295238	
  0.133333	  0.028571	  0.071429	  0.766667	
  0.033333	  0.438095	  0.242857	  0.285714	
  0.000000	  0.023810	  0.000000	  0.976190	
  0.000000	  0.104762	  0.895238	  0.000000	
  1.000000	  0.000000	  0.000000	  0.000000	
  0.000000	  0.000000	  0.000000	  1.000000	
  0.000000	  0.000000	  0.000000	  1.000000	
  0.000000	  0.000000	  0.990476	  0.009524	
  0.000000	  0.000000	  1.000000	  0.000000	
  0.042857	  0.476190	  0.000000	  0.480952	
  0.000000	  0.490476	  0.019048	  0.490476	

MOTIF FOXL2_MOUSE.H11MO.0.C 

letter-probability matrix: alength= 4 w= 11 nsites= 500 E= 0
  0.022000	  0.002000	  0.004000	  0.972000	
  0.076000	  0.004000	  0.910000	  0.010000	
  0.000000	  0.002000	  0.000000	  0.998000	
  0.002000	  0.004000	  0.020000	  0.974000	
  0.004000	  0.006000	  0.108000	  0.882000	
  0.770000	  0.076000	  0.014000	  0.140000	
  0.006000	  0.558000	  0.058000	  0.378000	
  0.544000	  0.110000	  0.082000	  0.264000	
  0.176000	  0.142000	  0.080000	  0.602000	
  0.196000	  0.076000	  0.046000	  0.682000	
  0.254000	  0.184000	  0.124000	  0.438000	

MOTIF GATA4_MOUSE.H11MO.0.A 

letter-probability matrix: alength= 4 w= 10 nsites= 500 E= 0
  0.368000	  0.128000	  0.312000	  0.192000	
  0.188000	  0.430000	  0.284000	  0.098000	
  0.664000	  0.008000	  0.016000	  0.312000	
  0.004000	  0.000000	  0.996000	  0.000000	
  0.980000	  0.004000	  0.008000	  0.008000	
  0.008000	  0.022000	  0.040000	  0.930000	
  0.962000	  0.004000	  0.004000	  0.030000	
  0.918000	  0.002000	  0.070000	  0.010000	
  0.094000	  0.182000	  0.698000	  0.026000	
  0.570000	  0.142000	  0.256000	  0.032000	

MOTIF GFI1_MOUSE.H11MO.0.C 

letter-probability matrix: alength= 4 w= 10 nsites= 150 E= 0
  0.291469	  0.069515	  0.587580	  0.051437	
  0.077749	  0.684556	  0.139318	  0.098377	
  0.405185	  0.100381	  0.075645	  0.418790	
  0.052015	  0.285514	  0.563133	  0.099338	
  0.239209	  0.016978	  0.079967	  0.663846	
  0.000000	  0.000000	  1.000000	  0.000000	
  1.000000	  0.000000	  0.000000	  0.000000	
  0.000000	  0.000000	  0.000000	  1.000000	
  0.000000	  0.000000	  0.000000	  1.000000	
  0.103502	  0.118062	  0.190824	  0.587611	

MOTIF GLI1_MOUSE.H11MO.0.C 

letter-probability matrix: alength= 4 w= 12 nsites= 500 E= 0
  0.112000	  0.392000	  0.184000	  0.312000	
  0.034000	  0.472000	  0.400000	  0.094000	
  0.070000	  0.076000	  0.012000	  0.842000	
  0.020000	  0.028000	  0.906000	  0.046000	
  0.010000	  0.012000	  0.764000	  0.214000	
  0.012000	  0.040000	  0.948000	  0.000000	
  0.066000	  0.022000	  0.020000	  0.892000	
  0.012000	  0.008000	  0.974000	  0.006000	
  0.016000	  0.004000	  0.938000	  0.042000	
  0.014000	  0.238000	  0.152000	  0.596000	
  0.042000	  0.880000	  0.042000	  0.036000	
  0.116000	  0.360000	  0.060000	  0.464000	

MOTIF GRHL2_MOUSE.H11MO.0.A 

letter-probability matrix: alength= 4 w= 12 nsites= 500 E= 0
  0.692000	  0.018000	  0.192000	  0.098000	
  0.652000	  0.004000	  0.178000	  0.166000	
  0.000000	  0.986000	  0.014000	  0.000000	
  0.130000	  0.710000	  0.004000	  0.156000	
  0.226000	  0.018000	  0.304000	  0.452000	
  0.000000	  0.004000	  0.996000	  0.000000	
  0.032000	  0.206000	  0.000000	  0.762000	
  0.028000	  0.352000	  0.020000	  0.600000	
  0.064000	  0.226000	  0.056000	  0.654000	
  0.116000	  0.048000	  0.372000	  0.464000	
  0.262000	  0.058000	  0.298000	  0.382000	
  0.000000	  0.918000	  0.008000	  0.074000	

MOTIF HAND1_MOUSE.H11MO.0.C 

letter-probability matrix: alength= 4 w= 17 nsites= 500 E= 0
  0.242000	  0.114000	  0.440000	  0.204000	
  0.154000	  0.132000	  0.496000	  0.218000	
  0.136000	  0.266000	  0.452000	  0.146000	
  0.038000	  0.402000	  0.052000	  0.508000	
  0.024000	  0.948000	  0.006000	  0.022000	
  0.016000	  0.000000	  0.000000	  0.984000	
  0.002000	  0.002000	  0.988000	  0.008000	
  0.002000	  0.224000	  0.614000	  0.160000	
  0.182000	  0.304000	  0.126000	  0.388000	
  0.192000	  0.252000	  0.094000	  0.462000	
  0.336000	  0.102000	  0.028000	  0.534000	
  0.178000	  0.222000	  0.292000	  0.308000	
  0.050000	  0.236000	  0.074000	  0.640000	
  0.170000	  0.312000	  0.398000	  0.120000	
  0.024000	  0.026000	  0.034000	  0.916000	
  0.020000	  0.868000	  0.050000	  0.062000	
  0.612000	  0.108000	  0.036000	  0.244000	

MOTIF HIC1_MOUSE.H11MO.0.C 

letter-probability matrix: alength= 4 w= 9 nsites= 39 E= 0
  0.203425	  0.104795	  0.513014	  0.178767	
  0.024658	  0.098630	  0.753425	  0.123288	
  0.000000	  0.000000	  0.926027	  0.073973	
  0.024658	  0.000000	  0.345205	  0.630137	
  0.000000	  0.000000	  0.000000	  1.000000	
  0.024658	  0.000000	  0.975342	  0.000000	
  0.024658	  0.975342	  0.000000	  0.000000	
  0.000000	  1.000000	  0.000000	  0.000000	
  0.191096	  0.623973	  0.092466	  0.092466	

MOTIF HINFP_MOUSE.H11MO.0.C 

letter-probability matrix: alength= 4 w= 16 nsites= 42 E= 0
  0.327306	  0.065775	  0.398062	  0.208857	
  0.333857	  0.381551	  0.141511	  0.143081	
  0.046124	  0.406183	  0.476938	  0.070756	
  0.190775	  0.358489	  0.166143	  0.284593	
  0.238469	  0.238469	  0.070756	  0.452306	
  0.473798	  0.310795	  0.167713	  0.047694	
  0.166143	  0.118449	  0.573896	  0.141511	
  0.070756	  0.929244	  0.000000	  0.000000	
  0.000000	  0.000000	  1.000000	  0.000000	
  0.047694	  0.023062	  0.929244	  0.000000	
  0.975368	  0.024632	  0.000000	  0.000000	
  0.000000	  0.952306	  0.047694	  0.000000	
  0.000000	  0.070756	  0.856919	  0.072326	
  0.023062	  0.000000	  0.000000	  0.976938	
  0.192345	  0.023062	  0.116879	  0.667713	
  0.386138	  0.269259	  0.267689	  0.076914	

MOTIF HNF1B_MOUSE.H11MO.0.A 

letter-probability matrix: alength= 4 w= 15 nsites= 500 E= 0
  0.402000	  0.056000	  0.344000	  0.198000	
  0.164000	  0.030000	  0.734000	  0.072000	
  0.042000	  0.056000	  0.050000	  0.852000	
  0.098000	  0.082000	  0.072000	  0.748000	
  0.938000	  0.006000	  0.040000	  0.016000	
  0.894000	  0.058000	  0.006000	  0.042000	
  0.076000	  0.022000	  0.004000	  0.898000	
  0.394000	  0.000000	  0.606000	  0.000000	
  0.744000	  0.026000	  0.034000	  0.196000	
  0.082000	  0.024000	  0.110000	  0.784000	
  0.012000	  0.034000	  0.008000	  0.946000	
  0.710000	  0.068000	  0.092000	  0.130000	
  0.780000	  0.094000	  0.078000	  0.048000	
  0.082000	  0.700000	  0.038000	  0.180000	
  0.246000	  0.284000	  0.074000	  0.396000	

MOTIF HNF6_MOUSE.H11MO.0.A 

letter-probability matrix: alength= 4 w= 11 nsites= 500 E= 0
  0.252000	  0.150000	  0.130000	  0.468000	
  0.108000	  0.198000	  0.224000	  0.470000	
  0.040000	  0.176000	  0.160000	  0.624000	
  0.992000	  0.006000	  0.000000	  0.002000	
  0.004000	  0.000000	  0.010000	  0.986000	
  0.010000	  0.156000	  0.004000	  0.830000	
  0.004000	  0.000000	  0.996000	  0.000000	
  0.994000	  0.002000	  0.000000	  0.004000	
  0.006000	  0.018000	  0.004000	  0.972000	
  0.002000	  0.322000	  0.012000	  0.664000	
  0.142000	  0.136000	  0.300000	  0.422000	

MOTIF HSF1_MOUSE.H11MO.0.A 

letter-probability matrix: alength= 4 w= 15 nsites= 500 E= 0
  0.164000	  0.266000	  0.166000	  0.404000	
  0.602000	  0.024000	  0.342000	  0.032000	
  0.008000	  0.000000	  0.990000	  0.002000	
  0.940000	  0.032000	  0.016000	  0.012000	
  0.912000	  0.018000	  0.040000	  0.030000	
  0.288000	  0.258000	  0.250000	  0.204000	
  0.212000	  0.232000	  0.362000	  0.194000	
  0.086000	  0.072000	  0.036000	  0.806000	
  0.056000	  0.016000	  0.072000	  0.856000	
  0.004000	  0.990000	  0.006000	  0.000000	
  0.010000	  0.318000	  0.042000	  0.630000	
  0.662000	  0.008000	  0.322000	  0.008000	
  0.000000	  0.000000	  0.994000	  0.006000	
  0.918000	  0.018000	  0.036000	  0.028000	
  0.814000	  0.046000	  0.102000	  0.038000	

MOTIF HXA13_MOUSE.H11MO.0.C 

letter-probability matrix: alength= 4 w= 11 nsites= 17 E= 0
  0.187931	  0.194828	  0.505172	  0.112069	
  0.344828	  0.062069	  0.372414	  0.220690	
  0.000000	  0.000000	  0.193103	  0.806897	
  0.289655	  0.000000	  0.124138	  0.586207	
  0.062069	  0.000000	  0.000000	  0.937931	
  0.262069	  0.000000	  0.000000	  0.737931	
  1.000000	  0.000000	  0.000000	  0.000000	
  0.000000	  0.172414	  0.000000	  0.827586	
  0.110345	  0.062069	  0.234483	  0.593103	
  0.000000	  0.062069	  0.765517	  0.172414	
  0.100000	  0.189655	  0.679310	  0.031034	

MOTIF HXA1_MOUSE.H11MO.0.C 

letter-probability matrix: alength= 4 w= 10 nsites= 8 E= 0
  0.152027	  0.165541	  0.165541	  0.516892	
  0.000000	  0.000000	  0.364865	  0.635135	
  0.135135	  0.000000	  0.864865	  0.000000	
  1.000000	  0.000000	  0.000000	  0.000000	
  0.000000	  0.000000	  0.000000	  1.000000	
  0.000000	  0.000000	  0.756757	  0.243243	
  0.000000	  0.000000	  1.000000	  0.000000	
  0.864865	  0.135135	  0.000000	  0.000000	
  0.000000	  0.000000	  0.000000	  1.000000	
  0.064189	  0.064189	  0.807432	  0.064189	

MOTIF HXB7_MOUSE.H11MO.0.C 

letter-probability matrix: alength= 4 w= 10 nsites= 28 E= 0
  0.290161	  0.009036	  0.041165	  0.659639	
  0.000000	  0.000000	  0.000000	  1.000000	
  0.072289	  0.000000	  0.927711	  0.000000	
  1.000000	  0.000000	  0.000000	  0.000000	
  0.000000	  0.000000	  0.000000	  1.000000	
  0.000000	  0.000000	  0.000000	  1.000000	
  0.469880	  0.000000	  0.325301	  0.204819	
  0.967871	  0.032129	  0.000000	  0.000000	
  0.000000	  0.068273	  0.000000	  0.931727	
  0.090361	  0.054217	  0.542169	  0.313253	

MOTIF HXC9_MOUSE.H11MO.0.A 

letter-probability matrix: alength= 4 w= 12 nsites= 500 E= 0
  0.250000	  0.018000	  0.112000	  0.620000	
  0.184000	  0.006000	  0.702000	  0.108000	
  0.822000	  0.046000	  0.016000	  0.116000	
  0.022000	  0.010000	  0.020000	  0.948000	
  0.016000	  0.006000	  0.022000	  0.956000	
  0.084000	  0.046000	  0.084000	  0.786000	
  0.962000	  0.014000	  0.020000	  0.004000	
  0.040000	  0.182000	  0.038000	  0.740000	
  0.170000	  0.032000	  0.468000	  0.330000	
  0.208000	  0.054000	  0.644000	  0.094000	
  0.076000	  0.562000	  0.160000	  0.202000	
  0.194000	  0.414000	  0.120000	  0.272000	

MOTIF IKZF1_MOUSE.H11MO.0.C 

letter-probability matrix: alength= 4 w= 8 nsites= 60 E= 0
  0.042445	  0.286078	  0.237691	  0.433786	
  0.057725	  0.088285	  0.000000	  0.853990	
  0.056027	  0.000000	  0.943973	  0.000000	
  0.018676	  0.030560	  0.950764	  0.000000	
  0.000000	  0.016978	  0.983022	  0.000000	
  0.850594	  0.000000	  0.149406	  0.000000	
  0.320883	  0.030560	  0.533107	  0.115450	
  0.415959	  0.039049	  0.368421	  0.176570	

MOTIF INSM1_MOUSE.H11MO.0.C 

letter-probability matrix: alength= 4 w= 12 nsites= 24 E= 0
  0.064329	  0.000000	  0.228051	  0.707620	
  0.000000	  0.000000	  0.743260	  0.256740	
  0.000000	  0.156771	  0.121707	  0.721522	
  0.350334	  0.620977	  0.000000	  0.028689	
  0.971311	  0.000000	  0.000000	  0.028689	
  0.000000	  0.000000	  1.000000	  0.000000	
  0.000000	  0.000000	  1.000000	  0.000000	
  0.000000	  0.000000	  1.000000	  0.000000	
  0.000000	  0.000000	  1.000000	  0.000000	
  0.000000	  0.057378	  0.913933	  0.028689	
  0.057378	  0.942622	  0.000000	  0.000000	
  0.620977	  0.000000	  0.379023	  0.000000	

MOTIF IRF2_MOUSE.H11MO.0.B 

letter-probability matrix: alength= 4 w= 20 nsites= 498 E= 0
  0.285141	  0.178715	  0.367470	  0.168675	
  0.614458	  0.096386	  0.214859	  0.074297	
  0.712851	  0.072289	  0.108434	  0.106426	
  0.755020	  0.056225	  0.078313	  0.110442	
  0.283133	  0.198795	  0.385542	  0.132530	
  0.259036	  0.222892	  0.126506	  0.391566	
  0.168675	  0.024096	  0.799197	  0.008032	
  0.977912	  0.000000	  0.020080	  0.002008	
  0.993976	  0.002008	  0.004016	  0.000000	
  0.971888	  0.000000	  0.016064	  0.012048	
  0.130522	  0.263052	  0.590361	  0.016064	
  0.088353	  0.218876	  0.008032	  0.684739	
  0.054217	  0.010040	  0.921687	  0.014056	
  0.943775	  0.010040	  0.046185	  0.000000	
  0.987952	  0.000000	  0.012048	  0.000000	
  0.977912	  0.000000	  0.012048	  0.010040	
  0.006024	  0.377510	  0.582329	  0.034137	
  0.098394	  0.263052	  0.064257	  0.574297	
  0.403614	  0.128514	  0.383534	  0.084337	
  0.365462	  0.208835	  0.309237	  0.116466	

MOTIF JUND_MOUSE.H11MO.0.A 

letter-probability matrix: alength= 4 w= 11 nsites= 450 E= 0
  0.188889	  0.208889	  0.433333	  0.168889	
  0.253333	  0.146667	  0.415556	  0.184444	
  0.391111	  0.162222	  0.402222	  0.044444	
  0.031111	  0.002222	  0.020000	  0.946667	
  0.002222	  0.004444	  0.964444	  0.028889	
  0.953333	  0.015556	  0.013333	  0.017778	
  0.068889	  0.017778	  0.913333	  0.000000	
  0.013333	  0.011111	  0.011111	  0.964444	
  0.022222	  0.944444	  0.033333	  0.000000	
  0.993333	  0.004444	  0.002222	  0.000000	
  0.031111	  0.382222	  0.142222	  0.444444	

MOTIF KAISO_MOUSE.H11MO.0.B 

letter-probability matrix: alength= 4 w= 15 nsites= 498 E= 0
  0.132530	  0.415663	  0.375502	  0.076305	
  0.528112	  0.126506	  0.206827	  0.138554	
  0.508032	  0.102410	  0.371486	  0.018072	
  0.419679	  0.136546	  0.323293	  0.120482	
  0.082329	  0.259036	  0.160643	  0.497992	
  0.289157	  0.592369	  0.094378	  0.024096	
  0.094378	  0.168675	  0.130522	  0.606426	
  0.014056	  0.949799	  0.022088	  0.014056	
  0.046185	  0.008032	  0.929719	  0.016064	
  0.020080	  0.925703	  0.010040	  0.044177	
  0.018072	  0.006024	  0.961847	  0.014056	
  0.807229	  0.026104	  0.154618	  0.012048	
  0.036145	  0.032129	  0.865462	  0.066265	
  0.787149	  0.050201	  0.142570	  0.020080	
  0.335341	  0.204819	  0.331325	  0.128514	

MOTIF KLF8_MOUSE.H11MO.0.C 

letter-probability matrix: alength= 4 w= 9 nsites= 5 E= 0
  0.000000	  0.785714	  0.000000	  0.214286	
  0.678571	  0.321429	  0.000000	  0.000000	
  0.000000	  0.000000	  0.892857	  0.107143	
  0.000000	  0.000000	  0.678571	  0.321429	
  0.000000	  0.000000	  1.000000	  0.000000	
  0.000000	  0.000000	  0.642857	  0.357143	
  0.000000	  0.000000	  1.000000	  0.000000	
  0.000000	  0.107143	  0.000000	  0.892857	
  0.000000	  0.107143	  0.892857	  0.000000	

MOTIF LHX3_MOUSE.H11MO.0.C 

letter-probability matrix: alength= 4 w= 9 nsites= 498 E= 0
  0.226908	  0.234940	  0.325301	  0.212851	
  0.068273	  0.552209	  0.130522	  0.248996	
  0.242972	  0.006024	  0.006024	  0.744980	
  0.632530	  0.002008	  0.361446	  0.004016	
  0.899598	  0.066265	  0.020080	  0.014056	
  0.020080	  0.002008	  0.110442	  0.867470	
  0.012048	  0.000000	  0.431727	  0.556225	
  0.485944	  0.044177	  0.449799	  0.020080	
  0.443775	  0.301205	  0.234940	  0.020080	

MOTIF MAFG_MOUSE.H11MO.0.A 

letter-probability matrix: alength= 4 w= 18 nsites= 430 E= 0
  0.395349	  0.127907	  0.309302	  0.167442	
  0.493023	  0.048837	  0.188372	  0.269767	
  0.597674	  0.011628	  0.086047	  0.304651	
  0.495349	  0.039535	  0.037209	  0.427907	
  0.255814	  0.262791	  0.209302	  0.272093	
  0.058140	  0.072093	  0.009302	  0.860465	
  0.000000	  0.000000	  1.000000	  0.000000	
  0.030233	  0.962791	  0.002326	  0.004651	
  0.004651	  0.009302	  0.000000	  0.986047	
  0.000000	  0.000000	  0.993023	  0.006977	
  0.997674	  0.000000	  0.002326	  0.000000	
  0.020930	  0.553488	  0.413953	  0.011628	
  0.048837	  0.030233	  0.013953	  0.906977	
  0.083721	  0.813953	  0.051163	  0.051163	
  0.813953	  0.000000	  0.109302	  0.076744	
  0.030233	  0.000000	  0.837209	  0.132558	
  0.016279	  0.900000	  0.072093	  0.011628	
  0.709302	  0.044186	  0.100000	  0.146512	

MOTIF MAX_MOUSE.H11MO.0.A 

letter-probability matrix: alength= 4 w= 11 nsites= 500 E= 0
  0.186000	  0.258000	  0.480000	  0.076000	
  0.366000	  0.358000	  0.240000	  0.036000	
  0.192000	  0.300000	  0.486000	  0.022000	
  0.020000	  0.972000	  0.008000	  0.000000	
  0.976000	  0.008000	  0.006000	  0.010000	
  0.012000	  0.828000	  0.042000	  0.118000	
  0.038000	  0.000000	  0.954000	  0.008000	
  0.062000	  0.220000	  0.004000	  0.714000	
  0.002000	  0.004000	  0.976000	  0.018000	
  0.126000	  0.214000	  0.610000	  0.050000	
  0.220000	  0.512000	  0.142000	  0.126000	

MOTIF MBD2_MOUSE.H11MO.0.B 

letter-probability matrix: alength= 4 w= 11 nsites= 111 E= 0
  0.151786	  0.401786	  0.401786	  0.044643	
  0.053571	  0.392857	  0.464286	  0.089286	
  0.000000	  0.250000	  0.750000	  0.000000	
  0.000000	  0.000000	  0.517857	  0.482143	
  0.000000	  1.000000	  0.000000	  0.000000	
  0.000000	  1.000000	  0.000000	  0.000000	
  0.000000	  0.000000	  1.000000	  0.000000	
  0.000000	  0.000000	  1.000000	  0.000000	
  0.535714	  0.357143	  0.107143	  0.000000	
  0.107143	  0.107143	  0.589286	  0.196429	
  0.321429	  0.125000	  0.482143	  0.071429	

MOTIF MECP2_MOUSE.H11MO.0.C 

letter-probability matrix: alength= 4 w= 7 nsites= 119 E= 0
  0.025005	  0.591686	  0.358303	  0.025005	
  0.000000	  1.000000	  0.000000	  0.000000	
  0.000000	  1.000000	  0.000000	  0.000000	
  0.000000	  0.000000	  1.000000	  0.000000	
  0.000000	  0.000000	  1.000000	  0.000000	
  0.575069	  0.000000	  0.424931	  0.000000	
  0.441707	  0.000000	  0.558293	  0.000000	

MOTIF MEF2C_MOUSE.H11MO.0.A 

letter-probability matrix: alength= 4 w= 15 nsites= 264 E= 0
  0.174242	  0.140152	  0.344697	  0.340909	
  0.223485	  0.106061	  0.246212	  0.424242	
  0.109848	  0.075758	  0.367424	  0.446970	
  0.022727	  0.768939	  0.056818	  0.151515	
  0.000000	  0.053030	  0.011364	  0.935606	
  0.912879	  0.003788	  0.015152	  0.068182	
  0.132576	  0.018939	  0.007576	  0.840909	
  0.106061	  0.041667	  0.000000	  0.852273	
  0.030303	  0.045455	  0.003788	  0.920455	
  0.162879	  0.068182	  0.026515	  0.742424	
  0.109848	  0.053030	  0.083333	  0.753788	
  0.579545	  0.000000	  0.405303	  0.015152	
  0.155303	  0.022727	  0.651515	  0.170455	
  0.303030	  0.446970	  0.121212	  0.128788	
  0.329545	  0.250000	  0.071970	  0.348485	

MOTIF MTF1_MOUSE.H11MO.0.C 

letter-probability matrix: alength= 4 w= 17 nsites= 35 E= 0
  0.440247	  0.344093	  0.110577	  0.105082	
  0.134615	  0.065934	  0.799451	  0.000000	
  0.093407	  0.027473	  0.379121	  0.500000	
  0.214286	  0.170330	  0.596154	  0.019231	
  0.217033	  0.541209	  0.043956	  0.197802	
  0.085165	  0.846154	  0.024725	  0.043956	
  0.000000	  0.000000	  1.000000	  0.000000	
  0.096154	  0.024725	  0.129121	  0.750000	
  0.000000	  0.027473	  0.972527	  0.000000	
  0.000000	  0.326923	  0.000000	  0.673077	
  0.000000	  0.000000	  1.000000	  0.000000	
  0.000000	  0.975275	  0.000000	  0.024725	
  1.000000	  0.000000	  0.000000	  0.000000	
  0.532967	  0.123626	  0.178571	  0.164835	
  0.631868	  0.271978	  0.052198	  0.043956	
  0.409341	  0.104396	  0.293956	  0.192308	
  0.119505	  0.435440	  0.311813	  0.133242	

MOTIF MYBA_MOUSE.H11MO.0.C 

letter-probability matrix: alength= 4 w= 15 nsites= 500 E= 0
  0.352000	  0.198000	  0.332000	  0.118000	
  0.096000	  0.188000	  0.586000	  0.130000	
  0.150000	  0.252000	  0.158000	  0.440000	
  0.134000	  0.034000	  0.792000	  0.040000	
  0.162000	  0.016000	  0.766000	  0.056000	
  0.012000	  0.970000	  0.014000	  0.004000	
  0.432000	  0.274000	  0.284000	  0.010000	
  0.000000	  0.004000	  0.990000	  0.006000	
  0.000000	  0.012000	  0.004000	  0.984000	
  0.002000	  0.002000	  0.004000	  0.992000	
  0.336000	  0.032000	  0.538000	  0.094000	
  0.184000	  0.318000	  0.458000	  0.040000	
  0.372000	  0.224000	  0.254000	  0.150000	
  0.208000	  0.182000	  0.522000	  0.088000	
  0.338000	  0.214000	  0.330000	  0.118000	

MOTIF MYF6_MOUSE.H11MO.0.C 

letter-probability matrix: alength= 4 w= 7 nsites= 7 E= 0
  0.000000	  1.000000	  0.000000	  0.000000	
  1.000000	  0.000000	  0.000000	  0.000000	
  0.000000	  0.435484	  0.564516	  0.000000	
  0.000000	  1.000000	  0.000000	  0.000000	
  0.000000	  0.000000	  0.000000	  1.000000	
  0.000000	  0.000000	  1.000000	  0.000000	
  0.032258	  0.758065	  0.032258	  0.177419	

MOTIF NFAC2_MOUSE.H11MO.0.C 

letter-probability matrix: alength= 4 w= 9 nsites= 86 E= 0
  0.256322	  0.056367	  0.145290	  0.542022	
  0.000000	  0.000000	  1.000000	  0.000000	
  0.000000	  0.000000	  1.000000	  0.000000	
  1.000000	  0.000000	  0.000000	  0.000000	
  0.972432	  0.000000	  0.027568	  0.000000	
  0.951980	  0.016738	  0.031282	  0.000000	
  0.795658	  0.058090	  0.061044	  0.085209	
  0.297203	  0.133229	  0.098769	  0.470799	
  0.159855	  0.235132	  0.171135	  0.433878	

MOTIF NFIA_MOUSE.H11MO.0.C 

letter-probability matrix: alength= 4 w= 15 nsites= 233 E= 0
  0.145353	  0.213923	  0.108131	  0.532592	
  0.033523	  0.030476	  0.069224	  0.866777	
  0.045714	  0.008707	  0.878097	  0.067482	
  0.065741	  0.029605	  0.855022	  0.049632	
  0.111019	  0.720493	  0.114937	  0.053550	
  0.415206	  0.250003	  0.122445	  0.212346	
  0.214849	  0.327381	  0.207010	  0.250759	
  0.367513	  0.001814	  0.629584	  0.001088	
  0.230302	  0.218112	  0.344358	  0.207228	
  0.302574	  0.130823	  0.101659	  0.464945	
  0.075428	  0.069333	  0.736493	  0.118747	
  0.059646	  0.812356	  0.062911	  0.065088	
  0.057033	  0.838913	  0.057469	  0.046585	
  0.779050	  0.063999	  0.070312	  0.086638	
  0.440681	  0.089792	  0.354919	  0.114608	

MOTIF NFIB_MOUSE.H11MO.0.C 

letter-probability matrix: alength= 4 w= 9 nsites= 500 E= 0
  0.026000	  0.548000	  0.210000	  0.216000	
  0.004000	  0.546000	  0.000000	  0.450000	
  0.000000	  0.000000	  0.014000	  0.986000	
  0.000000	  0.000000	  1.000000	  0.000000	
  0.002000	  0.000000	  0.992000	  0.006000	
  0.024000	  0.970000	  0.004000	  0.002000	
  0.646000	  0.026000	  0.004000	  0.324000	
  0.054000	  0.270000	  0.522000	  0.154000	
  0.236000	  0.424000	  0.264000	  0.076000	

MOTIF NFKB1_MOUSE.H11MO.0.A 

letter-probability matrix: alength= 4 w= 11 nsites= 497 E= 0
  0.050302	  0.008048	  0.901408	  0.040241	
  0.068410	  0.008048	  0.915493	  0.008048	
  0.014085	  0.006036	  0.961771	  0.018109	
  0.710262	  0.010060	  0.273642	  0.006036	
  0.859155	  0.048290	  0.088531	  0.004024	
  0.941650	  0.002012	  0.056338	  0.000000	
  0.136821	  0.152918	  0.261569	  0.448692	
  0.106640	  0.348089	  0.042254	  0.503018	
  0.062374	  0.913481	  0.016097	  0.008048	
  0.062374	  0.921529	  0.002012	  0.014085	
  0.058350	  0.875252	  0.032193	  0.034205	

MOTIF NKX25_MOUSE.H11MO.0.A 

letter-probability matrix: alength= 4 w= 10 nsites= 500 E= 0
  0.222000	  0.158000	  0.250000	  0.370000	
  0.018000	  0.424000	  0.350000	  0.208000	
  0.012000	  0.266000	  0.138000	  0.584000	
  0.034000	  0.274000	  0.354000	  0.338000	
  0.382000	  0.040000	  0.554000	  0.024000	
  0.996000	  0.000000	  0.002000	  0.002000	
  0.002000	  0.006000	  0.984000	  0.008000	
  0.182000	  0.056000	  0.018000	  0.744000	
  0.018000	  0.012000	  0.938000	  0.032000	
  0.028000	  0.334000	  0.544000	  0.094000	

MOTIF NKX28_MOUSE.H11MO.0.C 

letter-probability matrix: alength= 4 w= 9 nsites= 6 E= 0
  0.024510	  0.200980	  0.200980	  0.573529	
  0.000000	  0.000000	  0.000000	  1.000000	
  0.000000	  0.774510	  0.225490	  0.000000	
  0.950980	  0.000000	  0.049020	  0.000000	
  1.000000	  0.000000	  0.000000	  0.000000	
  0.000000	  0.000000	  1.000000	  0.000000	
  0.000000	  0.000000	  0.598039	  0.401961	
  0.598039	  0.000000	  0.401961	  0.000000	
  0.024510	  0.573529	  0.200980	  0.200980	

MOTIF NKX31_MOUSE.H11MO.0.C 

letter-probability matrix: alength= 4 w= 12 nsites= 500 E= 0
  0.190000	  0.196000	  0.322000	  0.292000	
  0.086000	  0.252000	  0.098000	  0.564000	
  0.252000	  0.108000	  0.152000	  0.488000	
  0.760000	  0.054000	  0.172000	  0.014000	
  0.960000	  0.002000	  0.020000	  0.018000	
  0.004000	  0.004000	  0.986000	  0.006000	
  0.088000	  0.002000	  0.018000	  0.892000	
  0.170000	  0.014000	  0.804000	  0.012000	
  0.018000	  0.452000	  0.266000	  0.264000	
  0.142000	  0.256000	  0.038000	  0.564000	
  0.156000	  0.086000	  0.106000	  0.652000	
  0.280000	  0.084000	  0.296000	  0.340000	

MOTIF NR1D2_MOUSE.H11MO.0.A 

letter-probability matrix: alength= 4 w= 19 nsites= 500 E= 0
  0.330000	  0.136000	  0.366000	  0.168000	
  0.374000	  0.148000	  0.388000	  0.090000	
  0.358000	  0.072000	  0.506000	  0.064000	
  0.334000	  0.050000	  0.394000	  0.222000	
  0.586000	  0.202000	  0.158000	  0.054000	
  0.544000	  0.036000	  0.142000	  0.278000	
  0.138000	  0.242000	  0.522000	  0.098000	
  0.082000	  0.020000	  0.150000	  0.748000	
  0.384000	  0.022000	  0.574000	  0.020000	
  0.400000	  0.002000	  0.562000	  0.036000	
  0.026000	  0.058000	  0.904000	  0.012000	
  0.018000	  0.064000	  0.160000	  0.758000	
  0.032000	  0.888000	  0.066000	  0.014000	
  0.952000	  0.006000	  0.006000	  0.036000	
  0.140000	  0.290000	  0.436000	  0.134000	
  0.386000	  0.120000	  0.214000	  0.280000	
  0.270000	  0.138000	  0.478000	  0.114000	
  0.272000	  0.106000	  0.456000	  0.166000	
  0.286000	  0.158000	  0.384000	  0.172000	

MOTIF NR1I2_MOUSE.H11MO.0.C 

letter-probability matrix: alength= 4 w= 19 nsites= 29 E= 0
  0.321429	  0.125000	  0.192857	  0.360714	
  0.300000	  0.064286	  0.400000	  0.235714	
  0.432143	  0.135714	  0.396429	  0.035714	
  0.264286	  0.000000	  0.664286	  0.071429	
  0.067857	  0.203571	  0.560714	  0.167857	
  0.000000	  0.032143	  0.064286	  0.903571	
  0.000000	  0.607143	  0.064286	  0.328571	
  0.707143	  0.292857	  0.000000	  0.000000	
  0.600000	  0.096429	  0.164286	  0.139286	
  0.300000	  0.207143	  0.292857	  0.200000	
  0.332143	  0.235714	  0.232143	  0.200000	
  0.596429	  0.067857	  0.335714	  0.000000	
  0.928571	  0.000000	  0.071429	  0.000000	
  0.000000	  0.000000	  1.000000	  0.000000	
  0.000000	  0.071429	  0.303571	  0.625000	
  0.096429	  0.064286	  0.035714	  0.803571	
  0.000000	  0.760714	  0.135714	  0.103571	
  0.900000	  0.032143	  0.067857	  0.000000	
  0.130357	  0.226786	  0.355357	  0.287500	

MOTIF NR2C2_MOUSE.H11MO.0.A 

letter-probability matrix: alength= 4 w= 13 nsites= 2058 E= 0
  0.479296	  0.084337	  0.387659	  0.048709	
  0.198438	  0.042940	  0.687021	  0.071601	
  0.097330	  0.119714	  0.700578	  0.082378	
  0.101480	  0.103833	  0.223793	  0.570894	
  0.123271	  0.643551	  0.162731	  0.070446	
  0.811379	  0.050869	  0.128611	  0.009141	
  0.567936	  0.059118	  0.360788	  0.012158	
  0.857376	  0.004064	  0.106245	  0.032315	
  0.048247	  0.013176	  0.888610	  0.049967	
  0.030177	  0.040538	  0.814332	  0.114953	
  0.061973	  0.106893	  0.215044	  0.616090	
  0.141139	  0.719768	  0.100493	  0.038600	
  0.792548	  0.032490	  0.122367	  0.052595	

MOTIF NRF1_MOUSE.H11MO.0.A 

letter-probability matrix: alength= 4 w= 17 nsites= 500 E= 0
  0.066000	  0.648000	  0.102000	  0.184000	
  0.454000	  0.132000	  0.184000	  0.230000	
  0.082000	  0.502000	  0.344000	  0.072000	
